5 0
1 2 (1,1) (34,45)
0 2 (1,1) (34,45) (1,1)
1 3 (2,2)
0 3 (2,2) (33,3)
1 3 (2,2) (33,3) (1,5)
0 3 (2,2) (33,3) (1,5) (45,1)
1 3 (2,2) (33,3) (1,55)
0 3 (2,2) (33,3) (1,5) (45,1) (1,55) (1,55)
0 3 (2,2) (33,3) (1,55) (1,55) (1,55)
1 3 (2,2) (33,3) (1,5) (45,1) (1,55) (1,55) (4,3)
1 2 (1,1) (34,45) (1,2)
0 2 (1,1) (34,45) (1,2) (1,1)
0 3 (2,2) (33,3) (1,55) (1,55) (1,55) (1,55) (1,55)
0 3 (2,2) (33,3) (1,5) (45,1) (1,55) (1,55) (4,3) (1,55)
1 2 (1,1) (34,45) (1,2) (1,55)
0 2 (1,1) (34,45) (1,2) (1,1) (1,55) (1,2)
